4.860 312.570 16.86488 37.74840755 32.19799077 19.5409 354.316313847 84.932 5.0 1.1044  23 
679.0186 423.149128489 0.634084262 0.877 162.298   1 30.4 1.70866391 3.40641591 552 23.24 660.634 793.56811208 801.80 
  1 
960.609334346 0.81815 354.269749312   7  532 7.1 460.26 4.037 1.55519442 0.941 539.527588137 8.734942   11 27.83 5.15152 8.5656 2.081 453.04819893 0.35 748.381528752 
413.712968 5.60 0.13801398 0.293 66.72401 1.55284 50.1001 0.49440 0.972 762.960 7.5 
0.26515 50.6467265 919.528924 2.6481 12.04972 0.733090 7.071 117.813352547 0.99 0.3254 559.34965 0.8840721 32.7056337 39.54641 61.922 8.15829916 55.34064397 0.081894 76.861 4.17 90.864039 962.9340 72.12223 0.382 0.913125 4.6 4.0115 633.459 8.1031448 0.62 2.098837 8.783 89.87463254 842.88 981.24058 701.057344 970.615332 26.252 0.1 0.713 85.5450473 5.61 846.9321 680.2426143  7 24.01892678 7.84 87.5711 0.68 35.00 0.0 103.32235 76 0.188 0.95284967 989.693026975 29.178994 7.553 0.2540188  15 29.0 98.3   7 0.81 9.16652634 5.57604241 871.392859028 0.2158557  4 18.78 64.4581 83.8 601.585 0.1194 6.352860 81.572139 6.07016 54.7576 0.39607207 0.88 893.7953 92.957162685 0.195339   2 471.9811160 383.633876120 832.62970 84.95497 655.27437121 0.12 81.509 21.8074325  0.6 9.565661407 8.496138416  9.6 34.02089 0.943 87.95114 8.448 0 
135.78079 8.2538465  715 28 776.738 7.7659837 8.20641 63.4940285 956.2561 623 9.10 792.1877412 9   0 7.903936799 9.8331 894.5545 
0 367.6 
118  7  1 401.047 29.9529064 0.9461664 39.8551137 2.759544 564 0.77686627 70.580092599 0.1345248 32.0759 1  4.0  0 32.780303  0.6 1.951 765.52030 5.947732968 9.4556072 0.260 790.6685 0.848 43.950585 318.434080229 20.4 0.51687038 7.8431 0.827 9.024681870 715.8 0.6831 218 410.884 372 94.8 30.32980    3 0.4522 317 0.7004025 
0.42 
2.357477276 91.6 0.5904 1.88 703.94 32.67214217 188.8826    0 0.411973 1.9197022 
6.2391 23.53865557 65.335617 140.1 0.8195 624.0766194 32.95 75.4292140 762.037314 4.501 0.69680 941 79.3910306 55.53741011 7.721   8 0.2524428 0.162 69.166149587 0.07 3.52652 0.358066 0.01 94.4 0.615 917.4579  0.3 993.56 0.9815387 297.1615681 0.038 17.556 3.28907 20.85 0.39 0.477809464 
71.505 6.399 71.8067 312.642 0.028451 
0.5779773 5.281 49.3671126 
0.6496 4.5845628 0.22605 26.72330366 0.363 0.565637515 3.86 819.4 30.3 0.695 0.387188 72.14666 0.462498102 39.5633 702.6450980 208.367538579 52.404   1 95.24140 0.36 7.34734 548.2 54.018 251.97044 5.42490 168.956528233 0.3 19.32 99.22 61.00226020 30.8 448 7.286 524.40273 0.381398923 84.7825562   0 4.84  9 3.51309 0.9690 30.6794266 183 831.85167107 9.1 8.02657326  9 3.77 0.54642131 795.68797    4 68.11890 414.40854674 8.389027 0.889679 512.2 2.9526 6.11283 
0.39 24.557281 0.4136 60.93584992 5.53693170 90.1389 0.872875035 66 0.6639258 91.402670867 67.954284928 22.323149757 993.0100381 5.05763 5.109763084 469.2499835 0.8214130 429.52312 807.8 739.77008   58 3.0 859.581006 0.301568278 261.82 139 0.294858 5.334915 72 696.4242 78.71509 0.252375 0.00748 2.5 0.8428788 0.3208689 73.6 1.9894322 250.12 715.92 331.45898 518.62 1 9.7613272 9.468675 419.44543 0.595087726 3.90 26.2  286    1 8.69678 0.6002 98.78475 0.907007567 373.742368 636.65210317 0.1698 
678.412214143 0.325182647 3.02340343 18.34 0.3 916.638 636 290.5079754 2.6527829 
5.900 191.3341 0.1 0.03013250 250.0 1.0 9.071658652 41.6788605 963.17060 9.8 4.256137 49.546645479 
987.032349955  1 8.410 0.9637307 97.612304945 50.703287 7.566882 6 118.51909265 39.528 0.1173 75.808688567 7.697 60.8208 105 280.7740800 87.068 59.32632 975.9565 99.68619 0.0629786 0.43120671 0.5535 31.17364209 9.45673110 563.92 0.417247989 156.1219496 3.57723949 56.9651 0.901 811 9.139062 4.31777192 
96.05713000 1.4 27.345557 5.222803 53.267271441 202.2 7.778177843 441.8031835 0 28.9  0 2.929884 8.86 0.79 0.97663 0.518253 2.017 8.299044301 363.75 180.382037316 0.110746688   3 351.63777 
11.014334 8.7436 0.90985864 84.75186184 0.058 11.149   70 8.414763 3.50166770 30.13371757 0.895107945 96.620 6.9339480 0.437677  97 0.9270 4.22283276 0.960 74.52 635.07 914.61008164 7.27745588 5.3247 9.5476 0.12 853.74666 42.84189 22.9859335 6.6 
663.08219499 7.305 842.75482 388.7 909 0.6198 8.816979 238 6.393781517 393 98.5 9.0088549 7.848 1.690 
0.05863674 3.031087 0.61238 34.874739 29.45 7.668601892 68.162251 0.7771740 58 4.1 
825.03839 637.1 740.347935 2.009060 976.39 9.737  0.4 133.4959001 0.37311388 5.510032858  84 5.361515   8   0 16.789260208 0.116645 0.8 0.88352 88.0355 23.1 675.9342337 8.506 0.41435154 0.53061215 0.29145553 9.840242203 10.222 0.68268004  0 96.129975 2.13923707 8.09581813 83.638861548 
48.939 979.874 
0.87575 1.912116 59.65518 
34.415717 6.7 0.878840 
8.4344072 0.256065 9.5 0.490 9.685192691 0.4193 752.895372926 100.090001    1 0 932.96 370.1764 
77.913419753 
0.65827 0.363 12.87763608 697.61187 0.6567540 0.7957 9.4436 193.811 0.491 229.2 7.72447882 
844.72487226 591.5 112.32808 36.60322614 8.39 677.712511 0.217595129 74.38 0.29 25.158 0.658735 1.160034197 29.302 3.51713 36.3033068 
0.8864 457.06799594 1.1264 2.81 1.874287 0.018775  774 754.8334 77.2600 8.10 1.9001 74.349 501.0 0.29604 0.203 75.361123 1.336177692 0.193 0.464741 46.85 533.82 41.67411503 415.19924175 8.4 16 0.16409 
0.2 0.359522 1.92834 9.694997136 0.930671 666.49 78.19    1 641.5152546 0.12 415.97503117 378.87343021 0.84 
4.241505349    1 690.10180 0.950101229 7.372803 0.8199 7.62 0.3619115 528.2511 297.75 372.68634 25.46397 100.49575 61.6548983 49.920404 5.715714 0.310109 0.8844616 0.878 72.62947543 8.52528 492.095 6.1157574 0.868453 48.4961 0.950241 1.87 61.472898138 9.78 6 185 15.391183 601.7797 0.245902 0.55 0.542106 75.461 700.6314321 0.5587615 0.817642 0.26329 0.158 435.27255 
28.50 0.018 0.69677 28.6162 942.65845505 83.91073 466.702315231 38.455195856 563.38529   9 9.951 8.72770   0 59.10 6.207508900 808.99945 6.072980 4.7068135 11.56951 297.34 0.5260 
0.761398018 20.5977    1 52 981.60 0.76406850 
5.40 1.31515 424.89 9.6570911 759.371478078 70.2 58.9 10.0023779 618.01627  0 155.23 6.716513114 0.0595 
873.310490605 0.782293708 0.1238 85.5360121 0.136 806.88842114 6.4 0.827412948 0.4367398  9.1 
   9 0.385377 2.2 962.995157 3.93 
892.932 0.2222 50.53190 579.7059 11.7 698.046 8.5006316 689.619 4.150512066 0.87563 295 3.578 3.7096835 72.54 77.037449593 0.19348 30.139 410.37 128.819194468 2.22743 4.23322 1 0.35 39.62315306 4.976714810 6.91388802 19.954  0.6 444 796.144330799 172.6837    0 0.760703585 87.2770929 25.6222 9.6166173 570.94367 11.701311879 5.4205651 962 7.7807820 57 7.339464 26.99235089 0.1025 245.4951 52.015210 1 7.479 0.7 971.858798430 2.89787265 55.408383 0.43 44.6 584.57075920 
7.82 0.50872 947.1463 6.4229439 567.306675 12.374846168 54.20964522 6.167 74.478 912.064182 20.0488 87.2168561 0.8882870 815.5330 3.939811758 1.582 0.3941751 278.4202 0.8788 1.2426588 9.470250 316.38285495 350.0037 54.82 933 4.920449 0.70733 95.8131    1 274.3541137 14.85346117 1.3810173 0.337907978 60.365209 8.61675 159.4 966.22482195 735.4 319.51906224 87.7 79.67089 59.243039291 782.4 
60.3 0.843 920.1262463 16 0.0613516 9.33 50.654 57.8905168 51.84029118 
76.111    1 0 203.9 0.1168 501.64 477.83 72.7510 35.0721975 772.97385 
46.75327 0.22876342 758.8238191 546.90191335 0.374228 0.41    0 364 1.102308 4.5 0.91 81.818008860 61.7 982.7 3.287 0.37878981 6.91197 0.5 3.537974 0.04770980 316.82 888.657 
51.926232180 61.9279936 0.04768 972.16 0.71405966 3 355.968 0.4456851 1.98251 0.78 70.21 5.3240 0.619759723 2.933 52.0 1.76 902.996500 757.7578751 
7.915986342 71.0 83.647454472 24 4.3141089  1 
94.3820 33.3 38.47370 
4.704560401 91.687 200.0 2.12 36 959 6.116 1 432.7896 
0.969194 0.7927 45.82 
3.9890331 6.45 87.594183385  43 741 0.43   96 66.9708 
20.74454837 14.037434767 7.381576 1.663 964.143 729.2706807 0.57759559 2.591 24.27 822.508276386 0.7 9.3196959 0.3019469 650.621 0.16 0.278 0.1501189 0.477925277    1 24.672007598 543 88.3918 183.05 3.8 0.4982757 0.107643 0.11263 42.0433353 327.75 
191.754 0.854997123 
0.89816896 3.7072 84.3677 0.511 8.81315 1.8 
76.81499650 246.867 880.63232 907.33567 7.186 2.4 27.982836363 0.01731900  1    0 9.2381 26.81166 0.28 7.5992 0.032 0.88513 39.38 18.797593 26.68 1.013535072 26.05    0 603.96571 5.5 7.818673 75.5 63.92 
0.85 8.7380097 0.2250 8.522406256 165.226107148 75.0 0.164373267   5 
466.6243853 0.338599698 30 856.9093094 734.2071899 67.314634663 9.04642241  71 4.04  75 0.2 400.33 3.8221    8 0.75367 47.47422357 903.443771 48.88 7.97679597 549.9 741.5388 0.69 
435.4017 53.9  9.8 583.0 78.224 740 58.735840 0.6396256 856.33154385 0.76998 6.2 924.4077689 547.23266   0 60.0035287 6.1 188.886392 3.59157 11.1019 160.2605 0.67304195 7.725783358 2 0.421353 
321.5507  7.3 4.641 
 6 
0.92442698 
0.047 0.773339 2.7013 445.29082427 
0.60070 0.3830364 585.435680960 
0.90 0.3 412 371 0.7958008 81.8802922 0.283426779 0.8659634 421.768 9.13 429.7114 0.4979 0.821 99.88 
224.603 479.5832 12.67385 187.8535 0.5958505 570.342 0.2940 
3.220365 8.29651   1 0.7926671 332.5 86.626140806 6.415    0 9.59312 52.64098 0.7776 0.405 53.4 0.2 89.9972945 9.93502 8.5807883 6.913436453 1 0.04 170.7 5.933 54.956 77.1162916 0.67793017 528 586.31999510 993.6380882 292.06684 512.1052381 68.070795 750.33599 19.490 764.45307933 
793.7 7.61833005 6.558513162 579.0 4.96177 9.53361355 
513.6995 0.5 0.61 82.5 865.069143016 0.815133205 5.05 83.86408 7.924470399 7.57603 17 32.10 411.008155  2  1 
57.4195 1.160 674.39868 0.636 0.045332 6.71 0.1051904 75.876 0.41236 
0.69 0.232529 467 3.942 16.220342441 75.7009 
   9 9.351  805 4.7 60 1.6   1 98.683964491 338.66 189.723481 1.784938 679.6696 15.85317458  3.4 575.6 25.477465 4.429179836 9.8 7.090660  352 711.1 2.9310 863.09678330 
0.73310 55.231477570 8.60 716.564806 128.915691342 3.7 
9.51863 0.723603 6.38707  8.3 520.510 
148.90560162 0.91    1 9.84635809 691.0112146 646.8011640 23.162628821 0.7154 
41.71388 7.96 258.26141 9.88709 
6.7941066 7.57945428 0.238 
  88 7.85 707.3 0.71775840 1.72 45.016  0.9 9.92024 10.0 487.9614048 261.1300 0.77347082 14.399 74.1 431.206 591.96 0.563 0.111645   3 0.405960905 7.0491035 608.81450 12.38 7.4178 48.51890 1.96019 
690.06 170.84083035 0.7944572 0.78 131.10 8.42596045 0.40   11 0.105 5.29939100 97.784174009 0.094 0.09965 338.9806 773.33343  8.3 580.61 88.66292936 123.7182 24.35175004 0.509947234 0.6073 611.3930 0.641842672 79.294004 813.60291110 0.165199397 0.523 7 457.3 0.810485195 0.182 551.630 21.136712 8.895898 2.22967458 586 6.53 38.8 631.549863258 5.7645 3.857 54.695 8.2 0.945463 64.06342 1.33549965 994.335064 66.417695487 282.68672461 0.74 235.7992703 
0.08793566 152.387433951 4.3887819 95.302 23.963692 368.591416266 0.4348101 70.452 6.60392523 548.3567 3.352 0.96 77.838484 0.894556569 357.79781  0.1 0.4644030 75.13 0.999185529 5.091327595 0.93306 5.3270 19.55542928 
5.5992 0.7037121 0.89296859 
0.252225 7.0 0   6    1 297.927376 4.71 3.373394742 8.20609029 649.09609247 1.76275 0.518347 0.8721 0.186814 919.8 56.84 3.76640507 2.41 834.7769 0.7677526 86.7017 877.810 8.791220   2 630.05 0.34239688 240.06361585 1.23249 0.901922 9.285795 0.320365003 0.470175836 989.3 495.342 196.312727 1 91.8971128   43 0.701111 58.1645077 5.6239578 606.703034052 313.83 15.7 4.33822 0.6789 0.7961296 506.5176177 516.38023 275.12513120 357.991 
 494 0.5 
6.2566140 5.98 
0.862850240 0.0656823 68.965361 9.6  360 74.1447 2.675322542 91.4635 301.4138763 60.818 27.430  7.6 20.35 0.36 167.956254044 807.833457419 889.685553989 7.78951487 504.55830 342.403013 8.9457 0.2351452 725.39593 3.61541 
 0.1  44 5.715964338 5.1 0 5.549 968 18.517391 18.586824 
883 82.00 7.6779   89 5.7 9.27988 61.7 297.5644 741.4 13.4771715 0.0243509 0.06 409.820 0.8981 8.3226 0.3 42.2 0.7034  10 58.0 0.36 0.11814083 312.4896 0.329803873 0.03299 828.6036141 1   98 0.26777483 7.0 
3.85 6.352570674 0.10 718.2171 73.83601 4.608079687 0.965 807.5 785.4  0.0 
61 42.675 669.61 27.022024 828.065 489.7694 0.459 162.0498029 0.05965747 3.75678889    0 
0.06970 91.5 0.6 0.0448916    0 71.14831 127.516981044 92.6762 897.858364744 78.062 0.46140054  1 65.00042 9.6739 3.3962147 746.907 79.19 39.6 14 646.75768 6.4729553 0.47 73.567 1.335 0.28164 
79 1.27087 0.3555 
  78  9.0 88.6 35.1 2.4795664 3.499557319 0.56131 9.8 0.353395 23.131358 37.5485803 86.9 88.37349 84.342775 755.4076 0.5888 73.84673 735.95362176 0.114980 147 7.4575 0.7  5  5 72.1 372.707214599 
139.2882 85.096789925 1.35681 9.041 4.108236615 0.18365715 0.7055 84.6579 41.97 8.9949353 29.863239367 0.077217 63.0640 136.22503 0.76 4.829220 0.998 281.294184172  0 0.5 1.266815 9.8379 8.426323 7.9776536 70.537454 68.8579592 71.01314 0.62868 190.46281 21.1 40.77 0.765373438 0.646070846 73.374034 0.9120   43  71 0.864 178.33 1.897716 0.86482   1 224.9 0.937362992 65.6288 1.0 19.037 665.0 0.8803786 0.715 87.846187461 803.01918797 65.7905211 0.2971250 952.370692690 0.62 0.0071 68.51 2.463160993 0.443935 613.859264 5.74450 6 2.9925 0.64 
   9 
43.902 80.119979550 7.46 0.861417764 89.869517917 3.08 9.3997927 
82 6.2004527 1.0    1 
399.63 182.782 54.341552089 0.561941170 6.67447618 
78.3905881 7.512944 68.88 0.7501 96.969803361 99.30286  0.4 0.43 9.845676181 84.399852 2.04238867 1.0040408 48.7  17 5.1627587 6.7 0.252356 3.636315 470.55 7.481793130 0.19 0.6778265 575.310193014 879.8295 687.696 9.46953294 31.620630532 223.0418 387.92944 8.30991104 67.66022 118.1329 469.9564 84.7 7.9 3.2216938 0.823031 336.062 2.84951065 8.86  8 0.524 0.3961 6.73217 0.7263358 95.1 570.98046682 756.404675 0.80 3.69744433 134.439857513 5.9940 0.30053 736.23 542 37.78821 512.606207 0.4416588 89.105 60.31457 0.29189945 80.52718718 64.614781970 4.6  6.3 
373.628 98.57 88.892360865    1 7.7497 77.4 561.20426376 0.564 84.0356444 0.923321824 0.20884994 0.470 9.963684 0.8 0.807761 91.2556 22.85 6.5166 2.3817 77.372391 0.88 0.332653245 7.89718 581.0262 406.89304 8.75629 9.37589 0.08 254.6198662 6.224402531 3.03797577 63.577 73.995 229.12 60.9559266 3.1893719 31.972298 7.58 0.7223508 555.13108 74.0 3.550694026 60.544 0.920 9.73317 1.3 0.09 48.719079 0.00202 19.46229 89.07016878 30.6 0.60639 290.2 2.637331 551.24 31.551632637 0.036056 0.9 0.457 58.755 68.0 7.19725838 413.7616 98.67341 0 56.46857345 
47.9 
0.740 134.96 7.902 1.271874715 549 882 0.94 27.5 327 3.915187 
4.81 4.696449 1.5230998 4.2885313 5.40567 678.5267984 3.112832 0.9889004 160.85 2.7406 45.38081402    0 89.044418269 0.662 0.9155 25.7389840  7 48.484940831  220 0.900905 0.6439983 487.2513 7.445 
31.32 0.13997153 930.48647243 4.031506130 3.530531151 0.93616 91.083 1.0 0.2373 717.387027181 0.502427 53.866 0.681789042 3 8 52.051 0.863 84.8466 0.0633636 4.810 651.9258 0.36009 0.807 0.77 851.596 0.62 318.97 0.614 637.1203268 683.973327 87 87.02056160 0.97262  39 0.81498 93.75400848 56.0 6.2923658 80.6580 3.747857 0.779047801 85.7 
124.29863 0.664577 0.151092 5.126666871 22.2 4.417 
8.9034 7.4440 21.66    2 
75.99855944 0.88691995 0.409744596 466.960 958.4113 65.142231007 0.91382 90.2832 73.3828 0.85556369 11.0060 439.62 
0.7 8.31654169 968.20 0.217 7.7543807 35 0.22 537.9818530 694.12433520 0.17722 0.125264723 174.847 643.602656590 58.622981110 0.8 7.3772761 7.12 610.82172751 785.161729 81.175648 685.44409793 12.570 200.842535 450.5829 265.82017103 82.043303 62.78310151 44.0 6.379723847 3.02 5 46.34147287 0.78824 5.8584 810.7 9.20657 5.38 91.5117 0.617 69.7198 
541.761 36.150388101 35.7  1 35.3810 4.3517385 886.5084 5.554008 0.027219654 0.098231 0.595 834.8652277 8.99569 
1.581726020 
 0 8.8132   10 0.0232549 26.3204234 187.332002 
0.8 0.026 3.61 0.794 525.32307 0.90459715 14.2 780.6  1 6.52 8.43512423  1 
3.30519    3 0.453379026 366.55853 576.519496    1 
23.1 0.803399 212.22093 5.39368538 0.5 5.52911723 551.7 0.068 88.62 4.781 98.59784648 31 0.39890746 0.832 0.978726 2.830418 1.8064 5.28 712.159  96 53.433 26.1896 6.524 
1.81 0.558   0 33.57 0.08500 
58.449 1.772482112 0.055484 7.45109 78.844 6.8079 203.0531 9.93178607 9.897222962 141 0.30 767 0.014742 608.665 0.191 68.263949301 9.73684 1.637913971 5.5249899 0.69474999 459.63364439 66.20367 738.9101 26.62   10 499.46110 987.419690405 2.244289348 90.45803 169.1683553  1.7 0 790.76571 73.6836 0.582037 637.147 304.81   0 826.14947893 0.538751 0.78374 
7.4 29.0 0.06955 153.3629 6.3 75.41413340 
77.332058161 11.9059 691.323210 405.30 434.0585 0.46 99.226279901 
   8 87.40472 0.791 4.8214538 
156.063133523 94.2696 440.6 55.5600614 8.38825501 1.84630291 8.15619 81.24438 0.8 44.2052716   0 49.168 
177.81378534  1 29.2939468 789.82114383 0.64 16.34413 8.669 4.83 70.71175  0.0 242.35012241 519.015029 8.191524 5.656 0.3314431   27 0.458754968 4.62263 731.7 